input:
[   0] [ 3.58 -5.62 -0.83 -7.37] [8] (1000)
[   1] [ 0.59 -9.31  0.39  8.69] [b] (1011)
[   2] [ 8.61  3.74 -8.66 -9.85] [c] (1100)
[   3] [ 5.24  4.02  3.08  0.54] [f] (1111)
[   4] [-2.69  5.13 -3.44 -9.05] [4] (0100)
[   5] [ 7.69 -8.55  5.07  9.65] [b] (1011)
[   6] [-6.67 -4.50 -0.45 -1.27] [0] (0000)
[   7] [-3.62  0.09 -8.79  7.95] [5] (0101)
[   8] [-2.32 -8.53 -8.19 -0.12] [0] (0000)
[   9] [ 5.40 -9.00 -0.71  8.28] [9] (1001)
[  10] [ 4.51  2.59  3.77 -7.49] [e] (1110)
[  11] [ 6.92  0.27 -3.87  7.77] [d] (1101)
[  12] [-6.43 -0.64 -1.69  6.83] [1] (0001)
[  13] [ 4.97 -0.03 -9.34  1.43] [9] (1001)
[  14] [-7.39 -5.74  6.84  7.81] [3] (0011)
[  15] [-5.20  4.20 -1.71 -4.51] [4] (0100)
[  16] [-2.25  3.63  3.04 -3.65] [6] (0110)
[  17] [-7.04  9.11  6.91 -7.05] [6] (0110)
[  18] [ 9.22 -0.23  1.30 -1.82] [a] (1010)
[  19] [ 6.06  3.03  2.59 -6.00] [e] (1110)
[  20] [-7.16  8.03 -5.93 -0.47] [4] (0100)
[  21] [-2.69 -6.76  7.71 -1.79] [2] (0010)
[  22] [ 8.63 -0.95 -0.89 -7.30] [8] (1000)
[  23] [ 0.12  7.22  8.18 -5.70] [e] (1110)
[  24] [ 6.49  2.65 -0.76  6.35] [d] (1101)
[  25] [ 0.29 -4.21  9.09  4.04] [b] (1011)
[  26] [ 4.31  4.59  7.53 -1.72] [e] (1110)
[  27] [-8.70  0.50 -9.62  4.13] [5] (0101)
[  28] [ 7.80  8.33  3.64 -0.22] [e] (1110)
[  29] [ 0.29 -1.08  9.79 -7.22] [a] (1010)
[  30] [-6.93 -5.77  6.13 -1.21] [2] (0010)
[  31] [-1.65  4.55 -9.98  2.33] [5] (0101)
[  32] [-8.37  6.57  6.73  3.61] [7] (0111)
[  33] [ 8.95 -2.22 -5.73  2.59] [9] (1001)
[  34] [-4.36  5.68 -4.32 -4.62] [4] (0100)
[  35] [-2.04  6.39  9.66 -9.77] [6] (0110)
[  36] [-7.97 -4.86 -6.85 -6.46] [0] (0000)
[  37] [ 2.67  5.06  5.90  2.69] [f] (1111)
[  38] [ 0.52 -7.65 -3.62  1.96] [9] (1001)
[  39] [ 7.20 -6.77  4.06  1.76] [b] (1011)
[  40] [ 1.76  0.57 -3.68  1.14] [d] (1101)
[  41] [-2.24 -1.06 -2.60 -1.38] [0] (0000)
[  42] [ 4.57  3.52 -4.92 -8.43] [c] (1100)
[  43] [ 3.23 -0.79  8.80  8.90] [b] (1011)
[  44] [ 0.46 -3.12 -6.99  2.11] [9] (1001)
[  45] [ 9.40  8.36  2.86 -9.70] [e] (1110)
[  46] [ 4.14 -9.56 -0.88  6.88] [9] (1001)
[  47] [ 5.08  3.91  5.03 -1.27] [e] (1110)
[  48] [ 4.93  8.07 -8.40 -9.91] [c] (1100)
[  49] [-5.68  0.88  0.37 -9.87] [6] (0110)
[  50] [-2.56 -4.39  4.19  2.54] [3] (0011)
[  51] [-8.89  5.52 -7.92 -3.80] [4] (0100)
[  52] [ 0.40 -0.44 -4.06 -6.79] [8] (1000)
[  53] [-3.38  1.56  6.67 -6.99] [6] (0110)
[  54] [-0.21 -9.41 -9.97  9.74] [1] (0001)
[  55] [-6.23 -7.55  0.73  4.78] [3] (0011)
[  56] [ 6.76  9.08 -7.48  2.28] [d] (1101)
[  57] [ 5.21  7.96 -1.51 -4.82] [c] (1100)
[  58] [ 0.94 -5.81  3.31 -0.96] [a] (1010)
[  59] [ 6.72  3.75 -1.36 -6.48] [c] (1100)
[  60] [-5.00  5.39 -8.39  9.47] [5] (0101)
[  61] [-9.27  3.63  4.99  5.38] [7] (0111)
[  62] [-5.33 -2.57  3.05 -5.57] [2] (0010)
[  63] [ 8.98  3.24 -6.80 -6.68] [c] (1100)
push into stack 1:  [   0] [ 3.58 -5.62 -0.83 -7.37] [8] (1000)
push into stack 3:  [   2] [ 0.59 -9.31  0.39  8.69] [b] (1011)
push into stack 2:  [   1] [ 8.61  3.74 -8.66 -9.85] [c] (1100)
full:  [   3] [ 5.24  4.02  3.08  0.54] [f] (1111)
push into stack 1:  [   0] [-2.69  5.13 -3.44 -9.05] [4] (0100)
push into stack 3:  [   2] [ 7.69 -8.55  5.07  9.65] [b] (1011)
empty: [   6] [-6.67 -4.50 -0.45 -1.27] [0] (0000)
push into stack 2:  [   1] [-3.62  0.09 -8.79  7.95] [5] (0101)
empty: [   8] [-2.32 -8.53 -8.19 -0.12] [0] (0000)
push into stack 2:  [   1] [ 5.40 -9.00 -0.71  8.28] [9] (1001)
push into stack 3:  [   2] [ 4.51  2.59  3.77 -7.49] [e] (1110)
push into stack 3:  [   2] [ 6.92  0.27 -3.87  7.77] [d] (1101)
pop stack 3
1:  [  11] [-8.55 -9.31 -3.87 -7.49] [0] (0000)
2:  [  11] [ 6.92  2.59  9.65  8.69] [f] (1111)
3:  [  11] [ 7.69  0.59  5.07  0.39] [f] (1111)
4:  [  11] [ 0.27  4.51  7.77  3.77] [f] (1111)
push into stack 1:  [   0] [-6.43 -0.64 -1.69  6.83] [1] (0001)
push into stack 2:  [   1] [ 4.97 -0.03 -9.34  1.43] [9] (1001)
pop stack 2
1:  [   7] [-8.66 -9.85 -3.62 -8.79] [0] (0000)
2:  [   8] [-9.00 -0.71 -0.03 -9.34] [0] (0000)
3:  [   9] [ 0.09  7.95  8.61  3.74] [f] (1111)
4:  [  10] [ 1.43  4.97  8.28  5.40] [f] (1111)
push into stack 2:  [   1] [-7.39 -5.74  6.84  7.81] [3] (0011)
push into stack 1:  [   0] [-5.20  4.20 -1.71 -4.51] [4] (0100)
pop stack 1
1:  [  15] [-3.44 -7.37 -2.69 -5.62] [0] (0000)
2:  [  15] [-5.20 -1.69 -1.71 -6.43] [0] (0000)
3:  [  15] [-9.05 -0.83 -4.51 -0.64] [0] (0000)
4:  [  15] [ 4.20  6.83  5.13  3.58] [f] (1111)
push into stack 2:  [   1] [-2.25  3.63  3.04 -3.65] [6] (0110)
push into stack 2:  [   1] [-7.04  9.11  6.91 -7.05] [6] (0110)
push into stack 2:  [   1] [ 9.22 -0.23  1.30 -1.82] [a] (1010)
pop stack 2
1:  [  15] [-7.39 -5.74 -3.65 -2.25] [0] (0000)
2:  [  16] [-7.05 -7.04 -0.23 -1.82] [0] (0000)
3:  [  17] [ 3.63  3.04  6.84  7.81] [f] (1111)
4:  [  18] [ 9.22  1.30  9.11  6.91] [f] (1111)
push into stack 3:  [   2] [ 6.06  3.03  2.59 -6.00] [e] (1110)
push into stack 1:  [   0] [-7.16  8.03 -5.93 -0.47] [4] (0100)
push into stack 1:  [   0] [-2.69 -6.76  7.71 -1.79] [2] (0010)
push into stack 1:  [   0] [ 8.63 -0.95 -0.89 -7.30] [8] (1000)
push into stack 3:  [   2] [ 0.12  7.22  8.18 -5.70] [e] (1110)
push into stack 3:  [   2] [ 6.49  2.65 -0.76  6.35] [d] (1101)
push into stack 3:  [   2] [ 0.29 -4.21  9.09  4.04] [b] (1011)
pop stack 3
1:  [  25] [-5.70 -6.00 -4.21 -0.76] [0] (0000)
2:  [  25] [ 4.04  6.49  7.22  3.03] [f] (1111)
3:  [  25] [ 8.18  2.59  0.12  6.06] [f] (1111)
4:  [  25] [ 9.09  2.65  0.29  6.35] [f] (1111)
push into stack 3:  [   2] [ 4.31  4.59  7.53 -1.72] [e] (1110)
push into stack 2:  [   1] [-8.70  0.50 -9.62  4.13] [5] (0101)
push into stack 3:  [   2] [ 7.80  8.33  3.64 -0.22] [e] (1110)
push into stack 2:  [   1] [ 0.29 -1.08  9.79 -7.22] [a] (1010)
push into stack 1:  [   0] [-6.93 -5.77  6.13 -1.21] [2] (0010)
pop stack 1
1:  [  30] [-6.76 -5.93 -1.79 -7.16] [0] (0000)
2:  [  30] [-1.21 -0.95 -5.77 -7.30] [0] (0000)
3:  [  30] [-2.69 -0.47 -6.93 -0.89] [0] (0000)
4:  [  30] [ 6.13  8.63  7.71  8.03] [f] (1111)
push into stack 2:  [   1] [-1.65  4.55 -9.98  2.33] [5] (0101)
push into stack 3:  [   2] [-8.37  6.57  6.73  3.61] [7] (0111)
push into stack 2:  [   1] [ 8.95 -2.22 -5.73  2.59] [9] (1001)
pop stack 2
1:  [  27] [-8.70 -9.62 -1.08 -7.22] [0] (0000)
2:  [  28] [-1.65 -9.98 -2.22 -5.73] [0] (0000)
3:  [  29] [ 0.29  9.79  0.50  4.13] [f] (1111)
4:  [  30] [ 2.59  8.95  4.55  2.33] [f] (1111)
push into stack 1:  [   0] [-4.36  5.68 -4.32 -4.62] [4] (0100)
push into stack 2:  [   1] [-2.04  6.39  9.66 -9.77] [6] (0110)
empty: [  36] [-7.97 -4.86 -6.85 -6.46] [0] (0000)
full:  [  37] [ 2.67  5.06  5.90  2.69] [f] (1111)
push into stack 2:  [   1] [ 0.52 -7.65 -3.62  1.96] [9] (1001)
push into stack 3:  [   2] [ 7.20 -6.77  4.06  1.76] [b] (1011)
pop stack 3
1:  [  39] [-0.22 -1.72 -6.77 -8.37] [0] (0000)
2:  [  39] [ 1.76  6.73  8.33  4.59] [f] (1111)
3:  [  39] [ 3.64  7.53  7.80  4.31] [f] (1111)
4:  [  39] [ 4.06  3.61  7.20  6.57] [f] (1111)
push into stack 3:  [   2] [ 1.76  0.57 -3.68  1.14] [d] (1101)
empty: [  41] [-2.24 -1.06 -2.60 -1.38] [0] (0000)
push into stack 2:  [   1] [ 4.57  3.52 -4.92 -8.43] [c] (1100)
push into stack 3:  [   2] [ 3.23 -0.79  8.80  8.90] [b] (1011)
push into stack 2:  [   1] [ 0.46 -3.12 -6.99  2.11] [9] (1001)
pop stack 2
1:  [  38] [-9.77 -2.04 -7.65 -3.62] [0] (0000)
2:  [  39] [-4.92 -8.43 -3.12 -6.99] [0] (0000)
3:  [  40] [ 1.96  0.52  6.39  9.66] [f] (1111)
4:  [  41] [ 2.11  0.46  4.57  3.52] [f] (1111)
push into stack 3:  [   2] [ 9.40  8.36  2.86 -9.70] [e] (1110)
push into stack 2:  [   1] [ 4.14 -9.56 -0.88  6.88] [9] (1001)
push into stack 3:  [   2] [ 5.08  3.91  5.03 -1.27] [e] (1110)
pop stack 3
1:  [  47] [-0.79 -3.68 -1.27 -9.70] [0] (0000)
2:  [  47] [ 3.91  8.36  8.90  1.76] [f] (1111)
3:  [  47] [ 3.23  1.14  8.80  0.57] [f] (1111)
4:  [  47] [ 5.08  9.40  5.03  2.86] [f] (1111)
push into stack 2:  [   1] [ 4.93  8.07 -8.40 -9.91] [c] (1100)
push into stack 2:  [   1] [-5.68  0.88  0.37 -9.87] [6] (0110)
push into stack 2:  [   1] [-2.56 -4.39  4.19  2.54] [3] (0011)
pop stack 2
1:  [  46] [-9.56 -0.88 -8.40 -9.91] [0] (0000)
2:  [  47] [-9.87 -5.68 -2.56 -4.39] [0] (0000)
3:  [  48] [ 4.93  8.07  6.88  4.14] [f] (1111)
4:  [  49] [ 4.19  2.54  0.88  0.37] [f] (1111)
push into stack 1:  [   0] [-8.89  5.52 -7.92 -3.80] [4] (0100)
push into stack 1:  [   0] [ 0.40 -0.44 -4.06 -6.79] [8] (1000)
push into stack 2:  [   1] [-3.38  1.56  6.67 -6.99] [6] (0110)
push into stack 1:  [   0] [-0.21 -9.41 -9.97  9.74] [1] (0001)
pop stack 1
1:  [  54] [-7.92 -4.32 -8.89 -4.36] [0] (0000)
2:  [  54] [-9.97 -0.44 -0.21 -6.79] [0] (0000)
3:  [  54] [-3.80 -4.62 -9.41 -4.06] [0] (0000)
4:  [  54] [ 9.74  0.40  5.52  5.68] [f] (1111)
push into stack 2:  [   1] [-6.23 -7.55  0.73  4.78] [3] (0011)
push into stack 3:  [   2] [ 6.76  9.08 -7.48  2.28] [d] (1101)
push into stack 2:  [   1] [ 5.21  7.96 -1.51 -4.82] [c] (1100)
push into stack 2:  [   1] [ 0.94 -5.81  3.31 -0.96] [a] (1010)
pop stack 2
1:  [  54] [-6.99 -3.38 -6.23 -7.55] [0] (0000)
2:  [  55] [-1.51 -4.82 -5.81 -0.96] [0] (0000)
3:  [  56] [ 0.73  4.78  1.56  6.67] [f] (1111)
4:  [  57] [ 0.94  3.31  5.21  7.96] [f] (1111)
push into stack 2:  [   1] [ 6.72  3.75 -1.36 -6.48] [c] (1100)
push into stack 2:  [   1] [-5.00  5.39 -8.39  9.47] [5] (0101)
push into stack 3:  [   2] [-9.27  3.63  4.99  5.38] [7] (0111)
push into stack 1:  [   0] [-5.33 -2.57  3.05 -5.57] [2] (0010)
push into stack 2:  [   1] [ 8.98  3.24 -6.80 -6.68] [c] (1100)
empty stack 0 (1)
   [   0] [-5.33 -2.57  3.05 -5.57] [2] (0010)
empty stack 1 (3)
   [   1] [ 8.98  3.24 -6.80 -6.68] [c] (1100)
   [   1] [-5.00  5.39 -8.39  9.47] [5] (0101)
   [   1] [ 6.72  3.75 -1.36 -6.48] [c] (1100)
empty stack 2 (2)
   [   2] [-9.27  3.63  4.99  5.38] [7] (0111)
   [   2] [ 6.76  9.08 -7.48  2.28] [d] (1101)

output:
[   0] [ 5.24  4.02  3.08  0.54] (1111)
[   1] [-6.67 -4.50 -0.45 -1.27] (0000)
[   2] [-2.32 -8.53 -8.19 -0.12] (0000)
[   3] [-8.55 -9.31 -3.87 -7.49] (0000)
[   4] [ 6.92  2.59  9.65  8.69] (1111)
[   5] [ 7.69  0.59  5.07  0.39] (1111)
[   6] [ 0.27  4.51  7.77  3.77] (1111)
[   7] [-8.66 -9.85 -3.62 -8.79] (0000)
[   8] [-9.00 -0.71 -0.03 -9.34] (0000)
[   9] [ 0.09  7.95  8.61  3.74] (1111)
[  10] [ 1.43  4.97  8.28  5.40] (1111)
[  11] [-3.44 -7.37 -2.69 -5.62] (0000)
[  12] [-5.20 -1.69 -1.71 -6.43] (0000)
[  13] [-9.05 -0.83 -4.51 -0.64] (0000)
[  14] [ 4.20  6.83  5.13  3.58] (1111)
[  15] [-7.39 -5.74 -3.65 -2.25] (0000)
[  16] [-7.05 -7.04 -0.23 -1.82] (0000)
[  17] [ 3.63  3.04  6.84  7.81] (1111)
[  18] [ 9.22  1.30  9.11  6.91] (1111)
[  19] [-5.70 -6.00 -4.21 -0.76] (0000)
[  20] [ 4.04  6.49  7.22  3.03] (1111)
[  21] [ 8.18  2.59  0.12  6.06] (1111)
[  22] [ 9.09  2.65  0.29  6.35] (1111)
[  23] [-6.76 -5.93 -1.79 -7.16] (0000)
[  24] [-1.21 -0.95 -5.77 -7.30] (0000)
[  25] [-2.69 -0.47 -6.93 -0.89] (0000)
[  26] [ 6.13  8.63  7.71  8.03] (1111)
[  27] [-8.70 -9.62 -1.08 -7.22] (0000)
[  28] [-1.65 -9.98 -2.22 -5.73] (0000)
[  29] [ 0.29  9.79  0.50  4.13] (1111)
[  30] [ 2.59  8.95  4.55  2.33] (1111)
[  31] [-7.97 -4.86 -6.85 -6.46] (0000)
[  32] [ 2.67  5.06  5.90  2.69] (1111)
[  33] [-0.22 -1.72 -6.77 -8.37] (0000)
[  34] [ 1.76  6.73  8.33  4.59] (1111)
[  35] [ 3.64  7.53  7.80  4.31] (1111)
[  36] [ 4.06  3.61  7.20  6.57] (1111)
[  37] [-2.24 -1.06 -2.60 -1.38] (0000)
[  38] [-9.77 -2.04 -7.65 -3.62] (0000)
[  39] [-4.92 -8.43 -3.12 -6.99] (0000)
[  40] [ 1.96  0.52  6.39  9.66] (1111)
[  41] [ 2.11  0.46  4.57  3.52] (1111)
[  42] [-0.79 -3.68 -1.27 -9.70] (0000)
[  43] [ 3.91  8.36  8.90  1.76] (1111)
[  44] [ 3.23  1.14  8.80  0.57] (1111)
[  45] [ 5.08  9.40  5.03  2.86] (1111)
[  46] [-9.56 -0.88 -8.40 -9.91] (0000)
[  47] [-9.87 -5.68 -2.56 -4.39] (0000)
[  48] [ 4.93  8.07  6.88  4.14] (1111)
[  49] [ 4.19  2.54  0.88  0.37] (1111)
[  50] [-7.92 -4.32 -8.89 -4.36] (0000)
[  51] [-9.97 -0.44 -0.21 -6.79] (0000)
[  52] [-3.80 -4.62 -9.41 -4.06] (0000)
[  53] [ 9.74  0.40  5.52  5.68] (1111)
[  54] [-6.99 -3.38 -6.23 -7.55] (0000)
[  55] [-1.51 -4.82 -5.81 -0.96] (0000)
[  56] [ 0.73  4.78  1.56  6.67] (1111)
[  57] [ 0.94  3.31  5.21  7.96] (1111)
[  58] [ 6.76  9.08 -7.48  2.28] (1101)
[  59] [-9.27  3.63  4.99  5.38] (0111)
[  60] [ 6.72  3.75 -1.36 -6.48] (1100)
[  61] [-5.00  5.39 -8.39  9.47] (0101)
[  62] [ 8.98  3.24 -6.80 -6.68] (1100)
[  63] [-5.33 -2.57  3.05 -5.57] (0010)
elapsed time: 0.0006 s
